-22.687749918
-55.018442762
-7.455824213
-48.990882089
-20.705493249
-32.567294077
-12.863027996
-4.792617654
-51.397289749
-30.559068979
-22.067393027
-60.743038443
-27.125465723
-52.591837436
-29.756933093
-22.606959253
-35.374769681
-46.070876630
-37.908134100
-46.956688563
-28.366179505
-33.028955019
-47.427005647
-111.756572534
-27.509221381
-30.530215170
-30.484049076
-47.256768175
-112.206691952
-27.878550135
-9.893971063
-2.319846234
-37.489753871
-37.359911731
-27.336098528
1.653323249
-3.840441961
-72.134522187
-55.462791419
2.686289606
-82.276636007
-26.935030585
-69.993569568
-52.037844306
-46.610442856
-84.007864539
-47.288507365
-80.337660050
-55.191565616
-66.577278598
-96.746821157
-41.734149157
-82.781577662
-99.560067523
-68.181550371
-47.623211548
-43.228776456
-24.655579683
-45.635184116
-19.233948996